image_width: 1920
image_height: 1200
camera_name: pg_17408093
camera_matrix:
  rows: 3
  cols: 3
  data: [2168.221750, 0.000000, 978.185588, 0.000000, 2165.459889, 587.592247, 0.000000, 0.000000, 1.000000]
distortion_model: plumb_bob
distortion_coefficients:
  rows: 1
  cols: 5
  data: [-0.198107, 0.162576, 0.001127, -0.000437, 0.000000]
rectification_matrix:
  rows: 3
  cols: 3
  data: [1.000000, 0.000000, 0.000000, 0.000000, 1.000000, 0.000000, 0.000000, 0.000000, 1.000000]
projection_matrix:
  rows: 3
  cols: 4
  data: [2093.511719, 0.000000, 978.641050, 0.000000, 0.000000, 2133.781006, 587.834854, 0.000000, 0.000000, 0.000000, 1.000000, 0.000000]
