image_width: 1920
image_height: 1200
camera_name: pg_17408094
camera_matrix:
  rows: 3
  cols: 3
  data: [2165.855619, 0.000000, 949.971701, 0.000000, 2163.655738, 613.129545, 0.000000, 0.000000, 1.000000]
distortion_model: plumb_bob
distortion_coefficients:
  rows: 1
  cols: 5
  data: [-0.198866, 0.155338, 0.001388, -0.000423, 0.000000]
rectification_matrix:
  rows: 3
  cols: 3
  data: [1.000000, 0.000000, 0.000000, 0.000000, 1.000000, 0.000000, 0.000000, 0.000000, 1.000000]
projection_matrix:
  rows: 3
  cols: 4
  data: [2089.850342, 0.000000, 948.734810, 0.000000, 0.000000, 2131.488037, 614.242299, 0.000000, 0.000000, 0.000000, 1.000000, 0.000000]
