image_width: 1920
image_height: 1200
camera_name: pg_18025945
camera_matrix:
  rows: 3
  cols: 3
  data: [2172.675284, 0.000000, 950.194529, 0.000000, 2171.410435, 607.904579, 0.000000, 0.000000, 1.000000]
distortion_model: plumb_bob
distortion_coefficients:
  rows: 1
  cols: 5
  data: [-0.199957, 0.156802, -0.000130, -0.001203, 0.000000]
rectification_matrix:
  rows: 3
  cols: 3
  data: [1.000000, 0.000000, 0.000000, 0.000000, 1.000000, 0.000000, 0.000000, 0.000000, 1.000000]
projection_matrix:
  rows: 3
  cols: 4
  data: [2096.444824, 0.000000, 947.841710, 0.000000, 0.000000, 2139.323242, 608.063466, 0.000000, 0.000000, 0.000000, 1.000000, 0.000000]
