image_width: 1920
image_height: 1200
camera_name: pg_18025950
camera_matrix:
  rows: 3
  cols: 3
  data: [2163.966278, 0.000000, 941.521405, 0.000000, 2162.164688, 603.384351, 0.000000, 0.000000, 1.000000]
distortion_model: plumb_bob
distortion_coefficients:
  rows: 1
  cols: 5
  data: [-0.198990, 0.166636, 0.000302, -0.000387, 0.000000]
rectification_matrix:
  rows: 3
  cols: 3
  data: [1.000000, 0.000000, 0.000000, 0.000000, 1.000000, 0.000000, 0.000000, 0.000000, 1.000000]
projection_matrix:
  rows: 3
  cols: 4
  data: [2089.010254, 0.000000, 939.859164, 0.000000, 0.000000, 2130.247559, 603.640798, 0.000000, 0.000000, 0.000000, 1.000000, 0.000000]
