image_width: 1920
image_height: 1200
camera_name: pg_18057299
camera_matrix:
  rows: 3
  cols: 3
  data: [2162.772695, 0.000000, 959.400561, 0.000000, 2161.018824, 596.661584, 0.000000, 0.000000, 1.000000]
distortion_model: plumb_bob
distortion_coefficients:
  rows: 1
  cols: 5
  data: [-0.201938, 0.169372, 0.000337, 0.000505, 0.000000]
rectification_matrix:
  rows: 3
  cols: 3
  data: [1.000000, 0.000000, 0.000000, 0.000000, 1.000000, 0.000000, 0.000000, 0.000000, 1.000000]
projection_matrix:
  rows: 3
  cols: 4
  data: [2086.748047, 0.000000, 960.100390, 0.000000, 0.000000, 2128.662842, 596.743094, 0.000000, 0.000000, 0.000000, 1.000000, 0.000000]
