image_width: 1920
image_height: 1200
camera_name: pg_18057298
camera_matrix:
  rows: 3
  cols: 3
  data: [2162.274519, 0.000000, 965.213733, 0.000000, 2160.789228, 592.229302, 0.000000, 0.000000, 1.000000]
distortion_model: plumb_bob
distortion_coefficients:
  rows: 1
  cols: 5
  data: [-0.202588, 0.179161, -0.000003, -0.000189, 0.000000]
rectification_matrix:
  rows: 3
  cols: 3
  data: [1.000000, 0.000000, 0.000000, 0.000000, 1.000000, 0.000000, 0.000000, 0.000000, 1.000000]
projection_matrix:
  rows: 3
  cols: 4
  data: [2086.925781, 0.000000, 965.245914, 0.000000, 0.000000, 2128.432861, 592.003032, 0.000000, 0.000000, 0.000000, 1.000000, 0.000000]
