image_width: 1920
image_height: 1200
camera_name: pg_18057303
camera_matrix:
  rows: 3
  cols: 3
  data: [2168.558335, 0.000000, 957.183663, 0.000000, 2166.660921, 599.473163, 0.000000, 0.000000, 1.000000]
distortion_model: plumb_bob
distortion_coefficients:
  rows: 1
  cols: 5
  data: [-0.199745, 0.165276, -0.000005, -0.000522, 0.000000]
rectification_matrix:
  rows: 3
  cols: 3
  data: [1.000000, 0.000000, 0.000000, 0.000000, 1.000000, 0.000000, 0.000000, 0.000000, 1.000000]
projection_matrix:
  rows: 3
  cols: 4
  data: [2093.296631, 0.000000, 956.256609, 0.000000, 0.000000, 2134.702393, 599.455637, 0.000000, 0.000000, 0.000000, 1.000000, 0.000000]
