image_width: 1920
image_height: 1200
camera_name: pg_18057304
camera_matrix:
  rows: 3
  cols: 3
  data: [2168.793342, 0.000000, 956.762147, 0.000000, 2167.195300, 592.004910, 0.000000, 0.000000, 1.000000]
distortion_model: plumb_bob
distortion_coefficients:
  rows: 1
  cols: 5
  data: [-0.197654, 0.159163, -0.000087, -0.000205, 0.000000]
rectification_matrix:
  rows: 3
  cols: 3
  data: [1.000000, 0.000000, 0.000000, 0.000000, 1.000000, 0.000000, 0.000000, 0.000000, 1.000000]
projection_matrix:
  rows: 3
  cols: 4
  data: [2093.928711, 0.000000, 956.268780, 0.000000, 0.000000, 2135.508301, 591.731460, 0.000000, 0.000000, 0.000000, 1.000000, 0.000000]
